
 	 5.251040 	 7.848893 	 8.734066 	 9.119711 	 9.327018 	 9.456251 	 9.545037 	 9.610138 	 9.660118 	 9.699827 	 9.732226 	 9.759228 	 9.782125 	 9.801823 	 9.818975 	 9.834065 	 9.847457 	 9.859434 	 9.870217 	 9.879981 	 9.888867 	 9.896992 	 9.904449 	 9.911320 	 9.917671 	 9.923559 	 9.929032 	 9.934134 	 9.938901 	 9.943366 	 9.947556 	 9.951499 	 9.955215 	 9.958728 	 9.962054 	 9.965212 	 9.968217 	 9.971083 	 9.973825 	 9.976455 	 9.978985 	 9.981426 	 9.983789 	 9.986084 	 9.988321 	 9.990510 	 9.992659 	 9.994778 	 9.996876 	 9.998960 
 	 2.657347 	 5.259360 	 6.701724 	 7.537470 	 8.059130 	 8.409200 	 8.658798 	 8.845533 	 8.990624 	 9.106791 	 9.202076 	 9.281789 	 9.349575 	 9.408015 	 9.458988 	 9.503891 	 9.543787 	 9.579498 	 9.611670 	 9.640820 	 9.667364 	 9.691641 	 9.713935 	 9.734481 	 9.753476 	 9.771090 	 9.787469 	 9.802738 	 9.817006 	 9.830371 	 9.842917 	 9.854721 	 9.865851 	 9.876369 	 9.886331 	 9.895788 	 9.904788 	 9.913374 	 9.921587 	 9.929465 	 9.937044 	 9.944356 	 9.951435 	 9.958311 	 9.965013 	 9.971570 	 9.978008 	 9.984356 	 9.990639 	 9.996884 
 	 1.776335 	 3.829476 	 5.276000 	 6.269315 	 6.962832 	 7.462620 	 7.835422 	 8.122572 	 8.350052 	 8.534640 	 8.687496 	 8.816276 	 8.926370 	 9.021676 	 9.105070 	 9.178724 	 9.244301 	 9.303099 	 9.356146 	 9.404266 	 9.448125 	 9.488275 	 9.525170 	 9.559191 	 9.590662 	 9.619858 	 9.647016 	 9.672342 	 9.696015 	 9.718194 	 9.739020 	 9.758617 	 9.777099 	 9.794566 	 9.811112 	 9.826822 	 9.841773 	 9.856039 	 9.869685 	 9.882775 	 9.895368 	 9.907520 	 9.919284 	 9.930711 	 9.941850 	 9.952747 	 9.963448 	 9.973999 	 9.984442 	 9.994821 
 	 1.394850 	 3.006211 	 4.303484 	 5.300958 	 6.060262 	 6.643028 	 7.097698 	 7.459280 	 7.752375 	 7.994218 	 8.196995 	 8.369448 	 8.517955 	 8.647247 	 8.760894 	 8.861633 	 8.951594 	 9.032452 	 9.105550 	 9.171970 	 9.232598 	 9.288164 	 9.339277 	 9.386452 	 9.430123 	 9.470663 	 9.508395 	 9.543598 	 9.576518 	 9.607372 	 9.636351 	 9.663629 	 9.689360 	 9.713684 	 9.736730 	 9.758614 	 9.779445 	 9.799322 	 9.818338 	 9.836582 	 9.854134 	 9.871072 	 9.887470 	 9.903400 	 9.918928 	 9.934120 	 9.949039 	 9.963749 	 9.978309 	 9.992780 
 	 1.191703 	 2.497033 	 3.630768 	 4.570770 	 5.334230 	 5.951532 	 6.453061 	 6.864475 	 7.205949 	 7.492862 	 7.736817 	 7.946567 	 8.128754 	 8.288462 	 8.429626 	 8.555323 	 8.667988 	 8.769566 	 8.861632 	 8.945468 	 9.022132 	 9.092505 	 9.157324 	 9.217217 	 9.272715 	 9.324277 	 9.372303 	 9.417138 	 9.459088 	 9.498423 	 9.535385 	 9.570188 	 9.603028 	 9.634082 	 9.663510 	 9.691460 	 9.718070 	 9.743466 	 9.767765 	 9.791080 	 9.813513 	 9.835164 	 9.856126 	 9.876490 	 9.896342 	 9.915765 	 9.934841 	 9.953648 	 9.972265 	 9.990768 
 	 1.066633 	 2.159449 	 3.151786 	 4.017125 	 4.754357 	 5.375809 	 5.898540 	 6.339612 	 6.714083 	 7.034464 	 7.310845 	 7.551250 	 7.762032 	 7.948221 	 8.113824 	 8.262044 	 8.395468 	 8.516194 	 8.625943 	 8.726137 	 8.817958 	 8.902399 	 8.980299 	 9.052375 	 9.119241 	 9.181429 	 9.239400 	 9.293562 	 9.344272 	 9.391849 	 9.436576 	 9.478711 	 9.518483 	 9.556104 	 9.591767 	 9.625647 	 9.657909 	 9.688706 	 9.718178 	 9.746459 	 9.773674 	 9.799944 	 9.825380 	 9.850092 	 9.874185 	 9.897758 	 9.920911 	 9.943738 	 9.966335 	 9.988794 
 	 0.982011 	 1.922344 	 2.799801 	 3.591587 	 4.290264 	 4.898807 	 5.425677 	 5.881350 	 6.276306 	 6.620066 	 6.920849 	 7.185557 	 7.419901 	 7.628568 	 7.815404 	 7.983564 	 8.135645 	 8.273798 	 8.399810 	 8.515179 	 8.621163 	 8.718833 	 8.809099 	 8.892744 	 8.970447 	 9.042796 	 9.110308 	 9.173438 	 9.232590 	 9.288123 	 9.340361 	 9.389595 	 9.436089 	 9.480086 	 9.521805 	 9.561452 	 9.599215 	 9.635270 	 9.669781 	 9.702903 	 9.734782 	 9.765556 	 9.795358 	 9.824314 	 9.852546 	 9.880172 	 9.907305 	 9.934059 	 9.960543 	 9.986866 
 	 0.921081 	 1.748115 	 2.533486 	 3.259158 	 3.916307 	 4.503476 	 5.024010 	 5.483806 	 5.889727 	 6.248644 	 6.566927 	 6.850230 	 7.103446 	 7.330746 	 7.535660 	 7.721161 	 7.889751 	 8.043543 	 8.184322 	 8.313605 	 8.432684 	 8.542670 	 8.644518 	 8.739056 	 8.827006 	 8.909001 	 8.985598 	 9.057293 	 9.124526 	 9.187693 	 9.247150 	 9.303218 	 9.356194 	 9.406344 	 9.453917 	 9.499141 	 9.542229 	 9.583378 	 9.622773 	 9.660591 	 9.696994 	 9.732142 	 9.766183 	 9.799261 	 9.831514 	 9.863077 	 9.894080 	 9.924650 	 9.954913 	 9.984991 
 	 0.875276 	 1.615549 	 2.326870 	 2.995254 	 3.612329 	 4.174781 	 4.683082 	 5.140135 	 5.550151 	 5.917858 	 6.247986 	 6.544989 	 6.812906 	 7.055312 	 7.275331 	 7.475668 	 7.658656 	 7.826300 	 7.980329 	 8.122233 	 8.253300 	 8.374647 	 8.487248 	 8.591956 	 8.689520 	 8.780603 	 8.865791 	 8.945610 	 9.020529 	 9.090973 	 9.157326 	 9.219936 	 9.279123 	 9.335180 	 9.388378 	 9.438967 	 9.487181 	 9.533239 	 9.577344 	 9.619692 	 9.660463 	 9.699834 	 9.737970 	 9.775032 	 9.811173 	 9.846543 	 9.881287 	 9.915548 	 9.949466 	 9.983178 
 	 0.839753 	 1.511934 	 2.163192 	 2.782657 	 3.362973 	 3.900238 	 4.393404 	 4.843500 	 5.252886 	 5.624649 	 5.962169 	 6.268836 	 6.547876 	 6.802264 	 7.034683 	 7.247525 	 7.442903 	 7.622673 	 7.788463 	 7.941699 	 8.083634 	 8.215368 	 8.337871 	 8.452000 	 8.558517 	 8.658099 	 8.751354 	 8.838826 	 8.921008 	 8.998345 	 9.071245 	 9.140077 	 9.205182 	 9.266875 	 9.325447 	 9.381168 	 9.434291 	 9.485052 	 9.533674 	 9.580368 	 9.625333 	 9.668761 	 9.710832 	 9.751723 	 9.791603 	 9.830634 	 9.868978 	 9.906790 	 9.944225 	 9.981433 
 	 0.811553 	 1.429243 	 2.031308 	 2.609208 	 3.156670 	 3.669793 	 4.146794 	 4.587576 	 4.993244 	 5.365682 	 5.707206 	 6.020310 	 6.307500 	 6.571184 	 6.813612 	 7.036847 	 7.242759 	 7.433026 	 7.609150 	 7.772467 	 7.924170 	 8.065321 	 8.196868 	 8.319657 	 8.434447 	 8.541923 	 8.642699 	 8.737332 	 8.826331 	 8.910156 	 8.989231 	 9.063944 	 9.134654 	 9.201692 	 9.265367 	 9.325967 	 9.383762 	 9.439004 	 9.491932 	 9.542773 	 9.591741 	 9.639043 	 9.684875 	 9.729426 	 9.772880 	 9.815413 	 9.857200 	 9.898410 	 9.939210 	 9.979764 
 	 0.788769 	 1.362177 	 1.923587 	 2.466197 	 2.984707 	 3.475470 	 3.936405 	 4.366764 	 4.766832 	 5.137631 	 5.480662 	 5.797698 	 6.090630 	 6.361360 	 6.611733 	 6.843493 	 7.058260 	 7.257524 	 7.442642 	 7.614849 	 7.775258 	 7.924879 	 8.064622 	 8.195312 	 8.317694 	 8.432446 	 8.540186 	 8.641474 	 8.736827 	 8.826717 	 8.911579 	 8.991814 	 9.067797 	 9.139872 	 9.208363 	 9.273573 	 9.335786 	 9.395269 	 9.452277 	 9.507050 	 9.559817 	 9.610796 	 9.660199 	 9.708227 	 9.755077 	 9.800939 	 9.846000 	 9.890440 	 9.934440 	 9.978176 
 	 0.770113 	 1.307109 	 1.834667 	 2.347287 	 2.840491 	 3.310974 	 3.756592 	 4.176244 	 4.569689 	 4.937348 	 5.280114 	 5.599190 	 5.895961 	 6.171894 	 6.428469 	 6.667132 	 6.889264 	 7.096166 	 7.289047 	 7.469028 	 7.637135 	 7.794315 	 7.941431 	 8.079274 	 8.208570 	 8.329983 	 8.444123 	 8.551552 	 8.652787 	 8.748306 	 8.838553 	 8.923939 	 9.004847 	 9.081635 	 9.154640 	 9.224175 	 9.290539 	 9.354011 	 9.414858 	 9.473333 	 9.529679 	 9.584126 	 9.636896 	 9.688206 	 9.738262 	 9.787268 	 9.835419 	 9.882911 	 9.929934 	 9.976676 
 	 0.754689 	 1.261480 	 1.760686 	 2.247791 	 2.718995 	 3.171342 	 3.602745 	 4.011931 	 4.398333 	 4.761958 	 5.103255 	 5.422987 	 5.722130 	 6.001785 	 6.263116 	 6.507301 	 6.735499 	 6.948828 	 7.148354 	 7.335079 	 7.509941 	 7.673815 	 7.827511 	 7.971784 	 8.107329 	 8.234793 	 8.354773 	 8.467824 	 8.574463 	 8.675168 	 8.770389 	 8.860541 	 8.946017 	 9.027183 	 9.104386 	 9.177950 	 9.248183 	 9.315377 	 9.379811 	 9.441747 	 9.501440 	 9.559131 	 9.615055 	 9.669438 	 9.722498 	 9.774449 	 9.825499 	 9.875851 	 9.925709 	 9.975269 
 	 0.741849 	 1.223436 	 1.698806 	 2.164197 	 2.616357 	 3.052655 	 3.471115 	 3.870402 	 4.249752 	 4.608897 	 4.947961 	 5.267374 	 5.567787 	 5.850001 	 6.114910 	 6.363457 	 6.596602 	 6.815295 	 7.020462 	 7.212993 	 7.393735 	 7.563491 	 7.723017 	 7.873022 	 8.014171 	 8.147086 	 8.272351 	 8.390509 	 8.502071 	 8.607516 	 8.707292 	 8.801820 	 8.891496 	 8.976695 	 9.057770 	 9.135055 	 9.208866 	 9.279506 	 9.347260 	 9.412405 	 9.475202 	 9.535904 	 9.594756 	 9.651993 	 9.707844 	 9.762532 	 9.816275 	 9.869287 	 9.921780 	 9.973961 
 	 0.731122 	 1.191608 	 1.646906 	 2.093834 	 2.529582 	 2.951805 	 3.358660 	 3.748808 	 4.121378 	 4.475917 	 4.812318 	 5.130762 	 5.431644 	 5.715522 	 5.983065 	 6.235016 	 6.472157 	 6.695288 	 6.905206 	 7.102695 	 7.288515 	 7.463398 	 7.628043 	 7.783115 	 7.929245 	 8.067031 	 8.197035 	 8.319790 	 8.435798 	 8.545533 	 8.649443 	 8.747950 	 8.841453 	 8.930332 	 9.014945 	 9.095633 	 9.172722 	 9.246519 	 9.317320 	 9.385409 	 9.451058 	 9.514528 	 9.576072 	 9.635934 	 9.694353 	 9.751560 	 9.807782 	 9.863243 	 9.918162 	 9.972757 
 	 0.722152 	 1.164967 	 1.603377 	 2.034650 	 2.456331 	 2.866322 	 3.262912 	 3.644792 	 4.011037 	 4.361073 	 4.694634 	 5.011711 	 5.312504 	 5.597377 	 5.866813 	 6.121385 	 6.361723 	 6.588494 	 6.802380 	 7.004067 	 7.194233 	 7.373544 	 7.542642 	 7.702151 	 7.852665 	 7.994757 	 8.128968 	 8.255818 	 8.375798 	 8.489376 	 8.596997 	 8.699083 	 8.796035 	 8.888234 	 8.976045 	 9.059813 	 9.139868 	 9.216527 	 9.290093 	 9.360855 	 9.429094 	 9.495078 	 9.559069 	 9.621318 	 9.682073 	 9.741572 	 9.800051 	 9.857741 	 9.914868 	 9.971660 
 	 0.714672 	 1.142731 	 1.566987 	 1.985056 	 2.394772 	 2.794240 	 3.181874 	 3.556411 	 3.916904 	 4.262704 	 4.593434 	 4.908945 	 5.209286 	 5.494668 	 5.765425 	 6.021987 	 6.264857 	 6.494586 	 6.711753 	 6.916959 	 7.110807 	 7.293901 	 7.466832 	 7.630180 	 7.784509 	 7.930362 	 8.068264 	 8.198716 	 8.322200 	 8.439177 	 8.550087 	 8.655351 	 8.755369 	 8.850526 	 8.941188 	 9.027704 	 9.110411 	 9.189630 	 9.265668 	 9.338824 	 9.409384 	 9.477622 	 9.543807 	 9.608198 	 9.671049 	 9.732605 	 9.793110 	 9.852800 	 9.911911 	 9.970675 
 	 0.708475 	 1.124299 	 1.536782 	 1.943816 	 2.343461 	 2.733993 	 3.113935 	 3.482074 	 3.837462 	 4.179408 	 4.507452 	 4.821347 	 5.121028 	 5.406585 	 5.678230 	 5.936282 	 6.181133 	 6.413237 	 6.633088 	 6.841209 	 7.038137 	 7.224420 	 7.400604 	 7.567229 	 7.724829 	 7.873920 	 8.015009 	 8.148581 	 8.275109 	 8.395045 	 8.508824 	 8.616864 	 8.719566 	 8.817313 	 8.910476 	 8.999405 	 9.084442 	 9.165912 	 9.244127 	 9.319391 	 9.391994 	 9.462219 	 9.530339 	 9.596619 	 9.661318 	 9.724690 	 9.786982 	 9.848439 	 9.909300 	 9.969806 
 	 0.703404 	 1.109207 	 1.512026 	 1.909965 	 2.301263 	 2.684335 	 3.057797 	 3.420487 	 3.771465 	 4.110012 	 4.435619 	 4.747964 	 5.046896 	 5.332412 	 5.604631 	 5.863777 	 6.110157 	 6.344143 	 6.566154 	 6.776650 	 6.976113 	 7.165039 	 7.343934 	 7.513305 	 7.673656 	 7.825482 	 7.969269 	 8.105492 	 8.234610 	 8.357069 	 8.473299 	 8.583715 	 8.688716 	 8.788686 	 8.883996 	 8.975000 	 9.062041 	 9.145448 	 9.225538 	 9.302618 	 9.376984 	 9.448922 	 9.518711 	 9.586621 	 9.652916 	 9.717855 	 9.781690 	 9.844672 	 9.907046 	 9.969056 
 	 0.699338 	 1.097101 	 1.492150 	 1.882754 	 2.267292 	 2.644287 	 3.012433 	 3.370612 	 3.717898 	 4.053558 	 4.377048 	 4.687993 	 4.986180 	 5.271535 	 5.544104 	 5.804039 	 6.051576 	 6.287021 	 6.510737 	 6.723126 	 6.924624 	 7.115689 	 7.296789 	 7.468402 	 7.631008 	 7.785082 	 7.931095 	 8.069508 	 8.200771 	 8.325323 	 8.443589 	 8.555981 	 8.662897 	 8.764720 	 8.861822 	 8.954558 	 9.043274 	 9.128301 	 9.209959 	 9.288559 	 9.364401 	 9.437774 	 9.508961 	 9.578237 	 9.645870 	 9.712123 	 9.777252 	 9.841513 	 9.905155 	 9.968426 
 	 0.696184 	 1.087708 	 1.476720 	 1.861610 	 2.240863 	 2.613087 	 2.977037 	 3.331630 	 3.675956 	 4.009276 	 4.331020 	 4.640781 	 4.938298 	 5.223444 	 5.496212 	 5.756699 	 6.005086 	 6.241630 	 6.466645 	 6.680493 	 6.883571 	 7.076302 	 7.259130 	 7.432507 	 7.596892 	 7.752744 	 7.900521 	 8.040674 	 8.173643 	 8.299863 	 8.419753 	 8.533724 	 8.642170 	 8.745477 	 8.844013 	 8.938137 	 9.028196 	 9.114522 	 9.197439 	 9.277260 	 9.354286 	 9.428812 	 9.501123 	 9.571496 	 9.640205 	 9.707514 	 9.773684 	 9.838973 	 9.903634 	 9.967920 
 	 0.693874 	 1.080828 	 1.465411 	 1.846103 	 2.221464 	 2.590162 	 2.950997 	 3.302916 	 3.645020 	 3.976568 	 4.296977 	 4.605813 	 4.902785 	 5.187731 	 5.460603 	 5.721458 	 5.970440 	 6.207768 	 6.433721 	 6.648630 	 6.852863 	 7.046821 	 7.230923 	 7.405604 	 7.571308 	 7.728482 	 7.877573 	 8.019022 	 8.153266 	 8.280732 	 8.401838 	 8.516991 	 8.626585 	 8.731003 	 8.830616 	 8.925783 	 9.016850 	 9.104153 	 9.188016 	 9.268754 	 9.346672 	 9.422065 	 9.495221 	 9.566421 	 9.635939 	 9.704043 	 9.770997 	 9.837060 	 9.902489 	 9.967538 
 	 0.692360 	 1.076316 	 1.457994 	 1.835928 	 2.208726 	 2.575098 	 2.933874 	 3.284018 	 3.624640 	 3.955000 	 4.274506 	 4.582710 	 4.879300 	 5.164090 	 5.437011 	 5.698091 	 5.947449 	 6.185280 	 6.411841 	 6.627442 	 6.832432 	 7.027195 	 7.212136 	 7.387678 	 7.554255 	 7.712304 	 7.862265 	 8.004575 	 8.139666 	 8.267961 	 8.389876 	 8.505816 	 8.616175 	 8.721334 	 8.821666 	 8.917528 	 9.009268 	 9.097223 	 9.181718 	 9.263069 	 9.341582 	 9.417555 	 9.491276 	 9.563029 	 9.633087 	 9.701723 	 9.769200 	 9.835781 	 9.901723 	 9.967283 
 	 0.691611 	 1.074083 	 1.454322 	 1.830889 	 2.202416 	 2.567632 	 2.925382 	 3.274641 	 3.614523 	 3.944287 	 4.263338 	 4.571220 	 4.867614 	 5.152321 	 5.425259 	 5.686445 	 5.935986 	 6.174063 	 6.400923 	 6.616864 	 6.822229 	 7.017391 	 7.202748 	 7.378718 	 7.545729 	 7.704214 	 7.854609 	 7.997349 	 8.132862 	 8.261571 	 8.383890 	 8.500224 	 8.610964 	 8.716494 	 8.817185 	 8.913395 	 9.005472 	 9.093753 	 9.178564 	 9.260222 	 9.339034 	 9.415296 	 9.489301 	 9.561330 	 9.631659 	 9.700561 	 9.768300 	 9.835140 	 9.901340 	 9.967156 
 	 0.691611 	 1.074083 	 1.454322 	 1.830889 	 2.202416 	 2.567632 	 2.925382 	 3.274641 	 3.614523 	 3.944287 	 4.263338 	 4.571220 	 4.867613 	 5.152321 	 5.425259 	 5.686445 	 5.935986 	 6.174063 	 6.400923 	 6.616864 	 6.822229 	 7.017391 	 7.202748 	 7.378718 	 7.545729 	 7.704214 	 7.854609 	 7.997349 	 8.132862 	 8.261571 	 8.383890 	 8.500224 	 8.610964 	 8.716494 	 8.817185 	 8.913395 	 9.005472 	 9.093753 	 9.178564 	 9.260222 	 9.339034 	 9.415296 	 9.489301 	 9.561330 	 9.631659 	 9.700561 	 9.768300 	 9.835140 	 9.901340 	 9.967156 
 	 0.692360 	 1.076316 	 1.457994 	 1.835928 	 2.208726 	 2.575098 	 2.933874 	 3.284018 	 3.624640 	 3.955000 	 4.274506 	 4.582710 	 4.879300 	 5.164090 	 5.437011 	 5.698091 	 5.947449 	 6.185280 	 6.411841 	 6.627442 	 6.832432 	 7.027195 	 7.212136 	 7.387678 	 7.554255 	 7.712304 	 7.862265 	 8.004575 	 8.139666 	 8.267961 	 8.389876 	 8.505816 	 8.616175 	 8.721334 	 8.821666 	 8.917528 	 9.009268 	 9.097223 	 9.181718 	 9.263069 	 9.341582 	 9.417555 	 9.491276 	 9.563029 	 9.633087 	 9.701723 	 9.769200 	 9.835781 	 9.901723 	 9.967283 
 	 0.693874 	 1.080828 	 1.465411 	 1.846103 	 2.221464 	 2.590162 	 2.950997 	 3.302916 	 3.645020 	 3.976568 	 4.296977 	 4.605813 	 4.902785 	 5.187730 	 5.460603 	 5.721458 	 5.970440 	 6.207768 	 6.433721 	 6.648630 	 6.852863 	 7.046821 	 7.230923 	 7.405604 	 7.571308 	 7.728482 	 7.877573 	 8.019022 	 8.153266 	 8.280732 	 8.401838 	 8.516991 	 8.626585 	 8.731003 	 8.830616 	 8.925783 	 9.016850 	 9.104153 	 9.188016 	 9.268754 	 9.346672 	 9.422065 	 9.495221 	 9.566421 	 9.635939 	 9.704043 	 9.770997 	 9.837060 	 9.902489 	 9.967538 
 	 0.696184 	 1.087708 	 1.476720 	 1.861610 	 2.240863 	 2.613087 	 2.977037 	 3.331630 	 3.675956 	 4.009276 	 4.331020 	 4.640781 	 4.938297 	 5.223444 	 5.496212 	 5.756699 	 6.005086 	 6.241630 	 6.466645 	 6.680493 	 6.883571 	 7.076302 	 7.259130 	 7.432507 	 7.596892 	 7.752744 	 7.900521 	 8.040673 	 8.173643 	 8.299863 	 8.419753 	 8.533724 	 8.642170 	 8.745477 	 8.844013 	 8.938137 	 9.028196 	 9.114522 	 9.197439 	 9.277260 	 9.354286 	 9.428812 	 9.501123 	 9.571496 	 9.640205 	 9.707513 	 9.773684 	 9.838972 	 9.903634 	 9.967920 
 	 0.699338 	 1.097101 	 1.492150 	 1.882754 	 2.267292 	 2.644287 	 3.012433 	 3.370612 	 3.717898 	 4.053558 	 4.377048 	 4.687993 	 4.986180 	 5.271535 	 5.544104 	 5.804039 	 6.051576 	 6.287021 	 6.510736 	 6.723126 	 6.924624 	 7.115688 	 7.296789 	 7.468402 	 7.631008 	 7.785082 	 7.931095 	 8.069508 	 8.200771 	 8.325323 	 8.443589 	 8.555981 	 8.662897 	 8.764720 	 8.861822 	 8.954558 	 9.043274 	 9.128301 	 9.209959 	 9.288559 	 9.364401 	 9.437774 	 9.508961 	 9.578237 	 9.645870 	 9.712123 	 9.777252 	 9.841513 	 9.905155 	 9.968426 
 	 0.703404 	 1.109207 	 1.512026 	 1.909965 	 2.301263 	 2.684335 	 3.057797 	 3.420487 	 3.771465 	 4.110012 	 4.435619 	 4.747964 	 5.046896 	 5.332411 	 5.604631 	 5.863777 	 6.110157 	 6.344142 	 6.566154 	 6.776650 	 6.976112 	 7.165039 	 7.343934 	 7.513305 	 7.673656 	 7.825482 	 7.969269 	 8.105492 	 8.234610 	 8.357069 	 8.473299 	 8.583715 	 8.688716 	 8.788686 	 8.883996 	 8.975000 	 9.062041 	 9.145448 	 9.225538 	 9.302618 	 9.376984 	 9.448922 	 9.518710 	 9.586621 	 9.652916 	 9.717855 	 9.781690 	 9.844672 	 9.907046 	 9.969056 
 	 0.708475 	 1.124299 	 1.536782 	 1.943816 	 2.343461 	 2.733993 	 3.113934 	 3.482074 	 3.837462 	 4.179408 	 4.507452 	 4.821347 	 5.121028 	 5.406584 	 5.678230 	 5.936282 	 6.181133 	 6.413237 	 6.633088 	 6.841208 	 7.038137 	 7.224420 	 7.400604 	 7.567229 	 7.724828 	 7.873920 	 8.015008 	 8.148581 	 8.275109 	 8.395044 	 8.508823 	 8.616863 	 8.719565 	 8.817313 	 8.910475 	 8.999405 	 9.084442 	 9.165911 	 9.244127 	 9.319391 	 9.391994 	 9.462219 	 9.530339 	 9.596619 	 9.661318 	 9.724690 	 9.786982 	 9.848438 	 9.909300 	 9.969806 
 	 0.714672 	 1.142731 	 1.566986 	 1.985056 	 2.394772 	 2.794240 	 3.181874 	 3.556411 	 3.916903 	 4.262704 	 4.593434 	 4.908944 	 5.209286 	 5.494668 	 5.765424 	 6.021987 	 6.264857 	 6.494585 	 6.711753 	 6.916959 	 7.110807 	 7.293900 	 7.466831 	 7.630180 	 7.784509 	 7.930362 	 8.068263 	 8.198715 	 8.322200 	 8.439177 	 8.550087 	 8.655351 	 8.755369 	 8.850526 	 8.941187 	 9.027704 	 9.110411 	 9.189629 	 9.265668 	 9.338824 	 9.409383 	 9.477622 	 9.543807 	 9.608198 	 9.671049 	 9.732605 	 9.793109 	 9.852800 	 9.911911 	 9.970675 
 	 0.722152 	 1.164967 	 1.603377 	 2.034650 	 2.456331 	 2.866322 	 3.262912 	 3.644792 	 4.011037 	 4.361073 	 4.694634 	 5.011711 	 5.312504 	 5.597376 	 5.866812 	 6.121385 	 6.361723 	 6.588494 	 6.802380 	 7.004067 	 7.194233 	 7.373543 	 7.542642 	 7.702150 	 7.852665 	 7.994756 	 8.128968 	 8.255818 	 8.375798 	 8.489376 	 8.596997 	 8.699083 	 8.796035 	 8.888234 	 8.976045 	 9.059812 	 9.139868 	 9.216527 	 9.290093 	 9.360855 	 9.429094 	 9.495078 	 9.559069 	 9.621318 	 9.682073 	 9.741572 	 9.800051 	 9.857741 	 9.914868 	 9.971660 
 	 0.731122 	 1.191608 	 1.646906 	 2.093834 	 2.529582 	 2.951805 	 3.358660 	 3.748808 	 4.121378 	 4.475917 	 4.812318 	 5.130762 	 5.431644 	 5.715521 	 5.983065 	 6.235016 	 6.472157 	 6.695288 	 6.905206 	 7.102695 	 7.288515 	 7.463398 	 7.628043 	 7.783115 	 7.929245 	 8.067030 	 8.197035 	 8.319790 	 8.435798 	 8.545533 	 8.649443 	 8.747949 	 8.841453 	 8.930332 	 9.014945 	 9.095633 	 9.172721 	 9.246518 	 9.317320 	 9.385409 	 9.451058 	 9.514528 	 9.576072 	 9.635934 	 9.694353 	 9.751560 	 9.807782 	 9.863243 	 9.918162 	 9.972757 
 	 0.741849 	 1.223436 	 1.698806 	 2.164197 	 2.616357 	 3.052655 	 3.471115 	 3.870401 	 4.249752 	 4.608897 	 4.947961 	 5.267374 	 5.567787 	 5.850001 	 6.114909 	 6.363457 	 6.596602 	 6.815295 	 7.020462 	 7.212992 	 7.393735 	 7.563491 	 7.723016 	 7.873021 	 8.014170 	 8.147086 	 8.272350 	 8.390509 	 8.502071 	 8.607516 	 8.707292 	 8.801819 	 8.891496 	 8.976695 	 9.057770 	 9.135055 	 9.208866 	 9.279505 	 9.347260 	 9.412404 	 9.475201 	 9.535904 	 9.594756 	 9.651993 	 9.707844 	 9.762532 	 9.816275 	 9.869287 	 9.921780 	 9.973961 
 	 0.754688 	 1.261480 	 1.760686 	 2.247791 	 2.718995 	 3.171342 	 3.602745 	 4.011931 	 4.398332 	 4.761958 	 5.103255 	 5.422987 	 5.722130 	 6.001785 	 6.263116 	 6.507301 	 6.735499 	 6.948828 	 7.148354 	 7.335078 	 7.509941 	 7.673814 	 7.827511 	 7.971784 	 8.107329 	 8.234792 	 8.354772 	 8.467824 	 8.574462 	 8.675168 	 8.770388 	 8.860541 	 8.946016 	 9.027183 	 9.104385 	 9.177949 	 9.248183 	 9.315377 	 9.379810 	 9.441747 	 9.501439 	 9.559131 	 9.615055 	 9.669438 	 9.722498 	 9.774449 	 9.825499 	 9.875851 	 9.925708 	 9.975269 
 	 0.770113 	 1.307109 	 1.834667 	 2.347287 	 2.840490 	 3.310973 	 3.756592 	 4.176244 	 4.569689 	 4.937348 	 5.280114 	 5.599190 	 5.895961 	 6.171893 	 6.428468 	 6.667131 	 6.889264 	 7.096166 	 7.289047 	 7.469027 	 7.637135 	 7.794315 	 7.941430 	 8.079274 	 8.208570 	 8.329983 	 8.444123 	 8.551552 	 8.652787 	 8.748306 	 8.838553 	 8.923938 	 9.004846 	 9.081635 	 9.154639 	 9.224175 	 9.290538 	 9.354011 	 9.414858 	 9.473333 	 9.529679 	 9.584125 	 9.636896 	 9.688206 	 9.738262 	 9.787267 	 9.835419 	 9.882911 	 9.929934 	 9.976676 
 	 0.788769 	 1.362177 	 1.923587 	 2.466197 	 2.984707 	 3.475469 	 3.936405 	 4.366764 	 4.766832 	 5.137631 	 5.480662 	 5.797698 	 6.090629 	 6.361360 	 6.611733 	 6.843493 	 7.058260 	 7.257523 	 7.442642 	 7.614848 	 7.775258 	 7.924879 	 8.064622 	 8.195311 	 8.317693 	 8.432446 	 8.540185 	 8.641474 	 8.736827 	 8.826717 	 8.911579 	 8.991814 	 9.067796 	 9.139871 	 9.208362 	 9.273572 	 9.335785 	 9.395269 	 9.452277 	 9.507050 	 9.559816 	 9.610796 	 9.660198 	 9.708227 	 9.755077 	 9.800939 	 9.846000 	 9.890440 	 9.934440 	 9.978176 
 	 0.811553 	 1.429243 	 2.031308 	 2.609208 	 3.156670 	 3.669793 	 4.146794 	 4.587575 	 4.993244 	 5.365682 	 5.707206 	 6.020310 	 6.307500 	 6.571184 	 6.813612 	 7.036847 	 7.242759 	 7.433026 	 7.609149 	 7.772467 	 7.924170 	 8.065321 	 8.196867 	 8.319656 	 8.434447 	 8.541922 	 8.642698 	 8.737332 	 8.826331 	 8.910156 	 8.989230 	 9.063943 	 9.134653 	 9.201692 	 9.265367 	 9.325967 	 9.383762 	 9.439003 	 9.491932 	 9.542773 	 9.591741 	 9.639043 	 9.684875 	 9.729426 	 9.772880 	 9.815413 	 9.857200 	 9.898410 	 9.939210 	 9.979764 
 	 0.839753 	 1.511934 	 2.163192 	 2.782657 	 3.362973 	 3.900238 	 4.393404 	 4.843500 	 5.252886 	 5.624649 	 5.962169 	 6.268836 	 6.547876 	 6.802263 	 7.034683 	 7.247525 	 7.442903 	 7.622673 	 7.788463 	 7.941699 	 8.083634 	 8.215368 	 8.337871 	 8.452000 	 8.558516 	 8.658099 	 8.751353 	 8.838826 	 8.921008 	 8.998345 	 9.071244 	 9.140076 	 9.205182 	 9.266875 	 9.325447 	 9.381168 	 9.434290 	 9.485052 	 9.533674 	 9.580368 	 9.625333 	 9.668761 	 9.710832 	 9.751723 	 9.791602 	 9.830634 	 9.868978 	 9.906790 	 9.944225 	 9.981433 
 	 0.875276 	 1.615549 	 2.326870 	 2.995253 	 3.612329 	 4.174781 	 4.683082 	 5.140135 	 5.550151 	 5.917857 	 6.247986 	 6.544989 	 6.812906 	 7.055311 	 7.275330 	 7.475668 	 7.658655 	 7.826300 	 7.980329 	 8.122233 	 8.253299 	 8.374646 	 8.487248 	 8.591956 	 8.689520 	 8.780602 	 8.865791 	 8.945610 	 9.020529 	 9.090973 	 9.157326 	 9.219936 	 9.279123 	 9.335180 	 9.388378 	 9.438967 	 9.487181 	 9.533239 	 9.577344 	 9.619691 	 9.660463 	 9.699834 	 9.737970 	 9.775032 	 9.811173 	 9.846543 	 9.881287 	 9.915548 	 9.949466 	 9.983178 
 	 0.921081 	 1.748115 	 2.533486 	 3.259158 	 3.916307 	 4.503476 	 5.024010 	 5.483805 	 5.889727 	 6.248644 	 6.566927 	 6.850230 	 7.103445 	 7.330746 	 7.535660 	 7.721160 	 7.889751 	 8.043542 	 8.184321 	 8.313604 	 8.432684 	 8.542670 	 8.644518 	 8.739056 	 8.827006 	 8.909001 	 8.985598 	 9.057293 	 9.124526 	 9.187693 	 9.247149 	 9.303218 	 9.356193 	 9.406344 	 9.453917 	 9.499141 	 9.542229 	 9.583377 	 9.622773 	 9.660590 	 9.696994 	 9.732142 	 9.766183 	 9.799261 	 9.831514 	 9.863077 	 9.894080 	 9.924650 	 9.954913 	 9.984991 
 	 0.982011 	 1.922344 	 2.799801 	 3.591587 	 4.290264 	 4.898806 	 5.425677 	 5.881350 	 6.276306 	 6.620066 	 6.920849 	 7.185557 	 7.419900 	 7.628568 	 7.815404 	 7.983563 	 8.135645 	 8.273798 	 8.399810 	 8.515179 	 8.621163 	 8.718832 	 8.809098 	 8.892744 	 8.970447 	 9.042796 	 9.110308 	 9.173438 	 9.232590 	 9.288123 	 9.340361 	 9.389595 	 9.436089 	 9.480085 	 9.521805 	 9.561452 	 9.599215 	 9.635270 	 9.669781 	 9.702903 	 9.734782 	 9.765556 	 9.795358 	 9.824314 	 9.852546 	 9.880172 	 9.907305 	 9.934059 	 9.960543 	 9.986866 
 	 1.066633 	 2.159449 	 3.151786 	 4.017125 	 4.754357 	 5.375809 	 5.898540 	 6.339612 	 6.714083 	 7.034464 	 7.310845 	 7.551250 	 7.762031 	 7.948221 	 8.113824 	 8.262044 	 8.395467 	 8.516194 	 8.625943 	 8.726137 	 8.817957 	 8.902398 	 8.980299 	 9.052375 	 9.119241 	 9.181429 	 9.239400 	 9.293562 	 9.344272 	 9.391848 	 9.436576 	 9.478710 	 9.518483 	 9.556104 	 9.591766 	 9.625647 	 9.657909 	 9.688705 	 9.718177 	 9.746458 	 9.773674 	 9.799943 	 9.825380 	 9.850092 	 9.874185 	 9.897758 	 9.920911 	 9.943738 	 9.966335 	 9.988794 
 	 1.191703 	 2.497033 	 3.630768 	 4.570770 	 5.334230 	 5.951532 	 6.453061 	 6.864475 	 7.205949 	 7.492862 	 7.736817 	 7.946567 	 8.128754 	 8.288462 	 8.429625 	 8.555323 	 8.667987 	 8.769566 	 8.861632 	 8.945468 	 9.022132 	 9.092504 	 9.157324 	 9.217216 	 9.272714 	 9.324277 	 9.372302 	 9.417137 	 9.459088 	 9.498423 	 9.535385 	 9.570188 	 9.603028 	 9.634081 	 9.663509 	 9.691460 	 9.718070 	 9.743466 	 9.767765 	 9.791079 	 9.813513 	 9.835163 	 9.856126 	 9.876490 	 9.896342 	 9.915765 	 9.934841 	 9.953648 	 9.972265 	 9.990768 
 	 1.394850 	 3.006211 	 4.303484 	 5.300958 	 6.060262 	 6.643028 	 7.097698 	 7.459280 	 7.752375 	 7.994218 	 8.196995 	 8.369448 	 8.517955 	 8.647246 	 8.760894 	 8.861633 	 8.951593 	 9.032452 	 9.105550 	 9.171970 	 9.232598 	 9.288164 	 9.339277 	 9.386452 	 9.430123 	 9.470663 	 9.508395 	 9.543598 	 9.576518 	 9.607372 	 9.636351 	 9.663629 	 9.689360 	 9.713684 	 9.736730 	 9.758614 	 9.779445 	 9.799322 	 9.818338 	 9.836581 	 9.854133 	 9.871072 	 9.887470 	 9.903400 	 9.918928 	 9.934120 	 9.949039 	 9.963749 	 9.978309 	 9.992780 
 	 1.776335 	 3.829476 	 5.276000 	 6.269315 	 6.962832 	 7.462620 	 7.835422 	 8.122572 	 8.350052 	 8.534639 	 8.687496 	 8.816276 	 8.926370 	 9.021675 	 9.105070 	 9.178724 	 9.244301 	 9.303099 	 9.356146 	 9.404265 	 9.448125 	 9.488275 	 9.525170 	 9.559191 	 9.590662 	 9.619858 	 9.647016 	 9.672342 	 9.696015 	 9.718194 	 9.739020 	 9.758617 	 9.777098 	 9.794566 	 9.811112 	 9.826822 	 9.841773 	 9.856039 	 9.869685 	 9.882775 	 9.895368 	 9.907520 	 9.919284 	 9.930711 	 9.941850 	 9.952747 	 9.963448 	 9.973999 	 9.984442 	 9.994821 
 	 2.657347 	 5.259360 	 6.701724 	 7.537470 	 8.059130 	 8.409200 	 8.658798 	 8.845533 	 8.990623 	 9.106791 	 9.202076 	 9.281789 	 9.349575 	 9.408015 	 9.458988 	 9.503891 	 9.543786 	 9.579498 	 9.611670 	 9.640820 	 9.667363 	 9.691641 	 9.713935 	 9.734481 	 9.753476 	 9.771090 	 9.787469 	 9.802738 	 9.817006 	 9.830371 	 9.842917 	 9.854721 	 9.865851 	 9.876369 	 9.886331 	 9.895788 	 9.904788 	 9.913374 	 9.921587 	 9.929465 	 9.937044 	 9.944356 	 9.951435 	 9.958311 	 9.965013 	 9.971570 	 9.978008 	 9.984356 	 9.990639 	 9.996884 
 	 5.251040 	 7.848893 	 8.734066 	 9.119711 	 9.327018 	 9.456251 	 9.545037 	 9.610138 	 9.660118 	 9.699827 	 9.732226 	 9.759228 	 9.782125 	 9.801823 	 9.818975 	 9.834065 	 9.847457 	 9.859434 	 9.870217 	 9.879981 	 9.888867 	 9.896992 	 9.904449 	 9.911320 	 9.917671 	 9.923559 	 9.929032 	 9.934134 	 9.938901 	 9.943366 	 9.947556 	 9.951498 	 9.955215 	 9.958728 	 9.962054 	 9.965212 	 9.968217 	 9.971083 	 9.973825 	 9.976455 	 9.978985 	 9.981426 	 9.983789 	 9.986084 	 9.988321 	 9.990510 	 9.992659 	 9.994778 	 9.996876 	 9.998960 