
 0.008823 
 0.018069 
 0.027749 
 0.037874 
 0.048454 
 0.059498 
 0.071016 
 0.083014 
 0.095497 
 0.108470 
 0.121936 
 0.135895 
 0.150347 
 0.165288 
 0.180712 
 0.196612 
 0.212978 
 0.229797 
 0.247054 
 0.264732 
 0.282810 
 0.301266 
 0.320074 
 0.339207 
 0.358634 
 0.378325 
 0.398246 
 0.418360 
 0.438631 
 0.459021 
 0.479490 
 0.500000 
 0.520510 
 0.540979 
 0.561369 
 0.581640 
 0.601754 
 0.621675 
 0.641366 
 0.660793 
 0.679926 
 0.698734 
 0.717190 
 0.735268 
 0.752946 
 0.770203 
 0.787022 
 0.803388 
 0.819288 
 0.834712 
 0.849653 
 0.864105 
 0.878064 
 0.891530 
 0.904503 
 0.916986 
 0.928984 
 0.940502 
 0.951546 
 0.962126 
 0.972251 
 0.981931 
 0.991177 
 1.000000 